cam 0 12 -25 0 0 0 0 1 0 4 4

set 1 1 1 5 3

mtl 1 0 0 1 1 1 0 0 0 50 0
mtl 0 1 0 1 1 1 0 0 0 50 0
mtl 0 0 1 1 1 1 0 0 0 50 0
mtl 1 1 0 1 1 1 0 0 0 50 0
mtl 1 0.5 0 1 1 1 0 0 0 50 0
mtl 1 1 1 1 1 1 0 0 0 50 0
mtl 0.5 0 0.5 1 1 1 0 0 0 50 0
mtl 0 1 1 1 1 1 0 0 0 50 0
mtl 1 0 1 1 1 1 0 0 0 50 0

pln 0 1 0 -3 7

sph 0 2 0 2 1
sph -4 2 -4 2 3
sph 4 2 -4 2 5
sph -4 2 4 2 7
sph 4 2 4 2 9

cub -8 2 0 2.5 2
cub 8 2 0 2.5 4
cub 0 2 8 2.5 6
cub 0 2 -8 2.5 8

sph -8 5 0 1.5 9
sph 8 5 0 1.5 7
sph 0 5 8 1.5 5
sph 0 5 -8 1.5 3

lgt 0 15 -15 1 1 1 1 0.9 1
lgt 15 15 15 1 1 1 1 0.9 1
lgt -15 15 15 1 1 1 1 0.9 1
